a0 a1 a2 b0 b1 b2  quon     red_quo    soln    red_sol
0  0  0  0  0  0     -12         1         1        1
0  0  0  0  0  1     -12         1         1        1
0  0  0  0  1  0     -12         1         1        1
0  0  0  0  1  1     -12         1         1        1
0  0  0  1  0  0     -12         1         1        1
0  0  0  1  0  1     -12         1         1        1
0  0  0  1  1  0     -12         1         1        1
0  0  0  1  1  1     -12         1         1        1
0  0  1  0  0  0     -12         1         1        1
0  0  1  0  0  1     -12         1         1        1
0  0  1  0  1  0     4         1         1        1
0  0  1  0  1  1     4         1         1        1
0  0  1  1  0  0     -4         1         1        1
0  0  1  1  0  1     -4         1         1        1
0  0  1  1  1  0     12         1         1        1
0  0  1  1  1  1     12         1         1        1
0  1  0  0  0  0     0         0         1        1
0  1  0  0  0  1     0         0         -1/3        1
0  1  0  0  1  0     0         0         1/3        1
0  1  0  0  1  1     0         0         -1        1
0  1  0  1  0  0     0         0         1        1
0  1  0  1  0  1     0         0         -1/3        1
0  1  0  1  1  0     0         0         1/3        1
0  1  0  1  1  1     0         0         -1        1
0  1  1  0  0  0     0         0         1        1
0  1  1  0  0  1     0         0         -1/3        1
0  1  1  0  1  0     0         0         3        1
0  1  1  0  1  1     0         0         -5        1
0  1  1  1  0  0     0         0         1        1
0  1  1  1  0  1     0         0         -3        1
0  1  1  1  1  0     0         0         -5/3        1
0  1  1  1  1  1     0         0         -3        1
1  0  0  0  0  0     0         0         1        1
1  0  0  0  0  1     0         0         1        1
1  0  0  0  1  0     0         0         1        1
1  0  0  0  1  1     0         0         1        1
1  0  0  1  0  0     0         0         1        1
1  0  0  1  0  1     0         0         1        1
1  0  0  1  1  0     0         0         1        1
1  0  0  1  1  1     0         0         1        1
1  0  1  0  0  0     0         0         1        1
1  0  1  0  0  1     0         0         1        1
1  0  1  0  1  0     0         0         1        1
1  0  1  0  1  1     0         0         1        1
1  0  1  1  0  0     0         0         1        1
1  0  1  1  0  1     0         0         -3        1
1  0  1  1  1  0     0         0         1        1
1  0  1  1  1  1     0         0         -1/3        1
1  1  0  0  0  0     0         0         1        1
1  1  0  0  0  1     0         0         -1/3        1
1  1  0  0  1  0     0         0         1/3        1
1  1  0  0  1  1     0         0         1/3        1
1  1  0  1  0  0     0         0         1        1
1  1  0  1  0  1     0         0         -1/3        1
1  1  0  1  1  0     0         0         -1/3        1
1  1  0  1  1  1     0         0         1        1
1  1  1  0  0  0     0         0         1        1
1  1  1  0  0  1     0         0         -1/3        1
1  1  1  0  1  0     0         0         3        1
1  1  1  0  1  1     0         0         -1        1
1  1  1  1  0  0     0         0         1        1
1  1  1  1  0  1     0         0         1        1
1  1  1  1  1  0     0         0         -11/3        1
1  1  1  1  1  1     0         0         -23/3        1
