a0 a1 a2 b0 b1 b2  quo  sol    EH  qs   sq
0  0  0  0  0  0   -12   1     0   -3   -3
0  0  0  0  0  1   -12   1     0   -3   -3
0  0  0  0  1  0   -12   1     0   -3   -3
0  0  0  0  1  1   -12   1     0   -3   -3
0  0  0  1  0  0   -12   1     0   -3   -3
0  0  0  1  0  1   -12   1     0   -3   -3
0  0  0  1  1  0   -12   1     0   -3   -3
0  0  0  1  1  1   -12   1     0   -3   -3
0  0  1  0  0  0   -12   1     0   -3   -3
0  0  1  0  0  1   -12   1     0   -3   -3
0  0  1  0  1  0   4     1     0   1    -3
0  0  1  0  1  1   4     1     0   1    -3
0  0  1  1  0  0   -4    1     0   -1   -3
0  0  1  1  0  1   -4    1     0   -1   -3
0  0  1  1  1  0   12    1     0   3    -3
0  0  1  1  1  1   12    1     0   3    -3
0  1  0  0  0  0   0     1     1   0    -3
0  1  0  0  0  1   0     -1/3  1   0    1
0  1  0  0  1  0   0     1/3   1   0    -1
0  1  0  0  1  1   0     -1    1   0    3
0  1  0  1  0  0   0     1     1   0    -3
0  1  0  1  0  1   0     -1/3  1   0    1
0  1  0  1  1  0   0     1/3   1   0    -1
0  1  0  1  1  1   0     -1    1   0    3
0  1  1  0  0  0   0     1     1   0    -3
0  1  1  0  0  1   0     -1/3  1   0    1
0  1  1  0  1  0   0     3     1   0    -9
0  1  1  0  1  1   0     -5    1   0    15
0  1  1  1  0  0   0     1     1   0    -3
0  1  1  1  0  1   0     -3    1   0    9
0  1  1  1  1  0   0     -5/3  1   0    5
0  1  1  1  1  1   0     -3    1   0    9
1  0  0  0  0  0   0     1     1   0    -3
1  0  0  0  0  1   0     1     1   0    -3
1  0  0  0  1  0   0     1     1   0    -3
1  0  0  0  1  1   0     1     1   0    -3
1  0  0  1  0  0   0     1     1   0    -3
1  0  0  1  0  1   0     1     1   0    -3
1  0  0  1  1  0   0     1     1   0    -3
1  0  0  1  1  1   0     1     1   0    -3
1  0  1  0  0  0   0     1     1   0    -3
1  0  1  0  0  1   0     1     1   0    -3
1  0  1  0  1  0   0     1     1   0    -3
1  0  1  0  1  1   0     1     1   0    -3
1  0  1  1  0  0   0     1     1   0    -3
1  0  1  1  0  1   0     -3    1   0    9
1  0  1  1  1  0   0     1     1   0    -3
1  0  1  1  1  1   0     -1/3  1   0    1
1  1  0  0  0  0   0     1     1   0    -3
1  1  0  0  0  1   0     -1/3  1   0    1
1  1  0  0  1  0   0     1/3   1   0    -1
1  1  0  0  1  1   0     1/3   1   0    -1
1  1  0  1  0  0   0     1     1   0    -3
1  1  0  1  0  1   0     -1/3  1   0    1
1  1  0  1  1  0   0     -1/3  1   0    1
1  1  0  1  1  1   0     1     1   0    -3
1  1  1  0  0  0   0     1     1   0    -3
1  1  1  0  0  1   0     -1/3  1   0    1
1  1  1  0  1  0   0     3     1   0    -9
1  1  1  0  1  1   0     -1    1   0    3
1  1  1  1  0  0   0     1     1   0    -3
1  1  1  1  0  1   0     1     1   0    -3
1  1  1  1  1  0   0     -1    1   0    3
1  1  1  1  1  1   0     -5    1   0    15
  